90249547
90249783
90250092
90250629
90251010
90252666
90252869
90254352
90254674
90255170
90255971
90256327
90291211
90301210
90321556
90321756
90354578
90354928
90355298
90379144
90381869
90382321
90382717
90383657
90383777
90384312
90417477
90418749
90428517
90428818
90429272
90429670
90429902
90446483
90447137
90447578
90447719
90448181
90448743
90483453
90484190
90484319
90484484
90484742
90485210
90485367
90485654
90487683
90488143
90488264
90488650
90489147
90489691
90489823
90490371
90491565
90495211
90495394
90495613
90495857
90496065
90496286
90496568
90497183
90501358
90501610
90503353
90503680
90504067
90506284
90506372
90506534
90506763
90506975
90507412
90507630
90509193
90509530
90509782
90510274
90543669
90543969
90544880
90545279
90545727
90545931
90546155
90546429
90546750
90547038
90547996
90550575
90550910
90553609
90554394
90557355
90558326
90558643
90193275
90193543
90193897
90194043
90194295
90194312
90194531
90211868
90212250
90212725
90212923
90213556
90214332
90214539
90215349
90217527
90222132
90222688
90223160
90260181
90260840
90261370
90265209
90265897
90266173
90267677
90267965
90282035
90282296
90284960
90285317
90285691
90286105
90286404
90320698
90323113
90326398
90326935
90327314
90331141
90331628
90332129
90332599
90333013
90333675
90336008
90336547
90336908
90337195
90337624
90385632
90386077
90386340
90387779
90390013
90391246
90391693
90405720
90406355
90406574
90407674
90409493
90409684
90410057
90410093
90410784
90441417
90441493
90443457
90443632
90443880
90448482
90448911
90449159
90450147
90450522
90451278
90473974
90474445
90478169
90478393
90479080
90479433
90511650
90512458
90514820
90515164
90516502
90516942
90517018
90524745
90542437
90542543
90543249
90543749
90544734
90545246
90085600
90085964
90087279
90100451
90101008
90104120
90104972
90105370
90105640
90106596
90107028
90108632
90109082
90109675
90109929
90110136
90110841
90110971
90111842
90112206
90112577
90112841
90113083
90113396
90113598
90114283
90114687
90114813
90115450
90115590
90115845
90116044
90116310
90116515
90116867
90117086
90117764
90118289
90200980
90201540
90202194
90203358
90207008
90207317
90228239
90228998
90229796
90230232
90231447
90235089
90235518
90236084
90236498
90237890
90238489
90243871
90243979
90244253
90244519
90244865
90295914
90296369
90297551
90336411
90336736
90336952
90339025
90339553
90341603
90341701
90342118
90359256
90359612
90360597
90361121
90372178
90372588
90372889
90373294
90374229
90374941
90375515
90375751
90375997
90376242
90376862
90377178
90377496
90414523
90415180
90416297
90555279
90555962
90360959
90361496
90361960
90365915
90366583
90368197
90368683
90369148
90369620
90370040
90370844
90371305
90371772
90371918
90372272
90372518
90377973
90380224
90380625
90380961
90381624
90382042
90382367
90383236
90383485
90384555
90384589
90384918
90385269
90385568
90385964
90386863
90387131
90387362
90388820
90389303
90390102
90390283
90390578
90412676
90413783
90414042
90414804
90416233
90416768
90417477
90421457
90422041
90423797
90431066
90431355
90431906
90432266
90433044
90433293
90437709
90438306
90438978
90439268
90439644
90440003
90441454
90444408
90479399
90479647
90480446
90480990
90481554
90481871
90482286
90482749
90483956
90484162
90485570
90486045
90486592
90497041
90498133
90498637
90498912
90499829
90501062
90501435
90501559
90502506
90509156
90535197
90540012
90542033
90542308
90542711
90542956
90545319
90560983
90561494
86775002
86775652
86785159
86788658
86789113
86789885
86813641
86816266
86816504
87023746
87024976
87281682
87282123
87285015
87285547
87285976
87382018
87382571
87382899
87549379
87566188
87579450
87581367
87582063
87582791
87583464
87583555
87584298
87584887
87585054
87642105
87642436
87643952
87711569
87712802
87759736
87760089
87760366
87760897
87768469
87768921
87772818
87774965
87775778
87776887
87777570
87778446
87778985
87997908
88000218
88000645
88020866
88023756
88024892
88025470
88026265
88027628
88028841
88029406
88034892
88036087
88037063
88095680
88096521
88097053
88156638
88157534
88159026
88159641
88163157
88168909
88169639
88170287
88197093
88198668
88199669
88201229
88201506
88202019
88202670
88202831
88205387
88205620
88208001
88209483
89047541
89047747
89194064
89462870
89463467
89464338
89468214
89538261
89539030
90082793
90083075
90083828
90084671
90085097
90085234
90085761
90092586
90092997
90093411
90093802
90094176
90094932
90095765
90096228
90096428
90097009
90097503
90097831
90097934
90098323
90098764
90099173
90099512
90109640
90109938
90110531
90111224
90112204
90112368
90113861
90114157
90114577
90115005
90115348
90115791
90116080
90116576
90117002
90117189
90117512
90129782
90130348
90131060
90161878
90162514
90162912
90163625
90164146
90164515
90164842
90165175
90166148
90166724
90166922
90167407
90168031
90168092
90168774
90169321
90169697
90170320
90170839
90171609
90172453
90172924
90173657
90225411
90225497
90225967
90226200
90226522
90227011
90227413
90228231
90229246
90229341
90229708
90230869
90231505
90232101
90232633
90233109
90233366
90234155
90305608
90305900
90306149
90345573
90347242
90348264
90349378
90351513
90359946
90360358
90361609
90370386
90371399
90372020
90372650
90116507
90116771
90117108
90117651
90118189
90118429
90118586
90118920
90119453
90119767
90120055
90120406
90120593
90121078
90121227
90121424
90121607
90121783
90121998
90122186
90122497
90185765
90254903
90255445
90255985
90256209
90256348
90256898
90257042
90257328
90258123
90259409
90260332
90260807
90261157
90261787
90262487
90262807
90263365
90319702
90320441
90321189
90321649
90382895
90383475
90383751
90384122
90384791
90385608
90385744
90386391
90386919
90387494
90387803
90389509
90390248
90390578
90391402
90392096
90503900
90504508
90505601
90505815
90506010
90506442
90506691
90506940
90507163
90507395
90508151
90508398
90509108
90512203
90512646
90513408
90514289
90514640
90515200
90515776
90516671
90517915
90519027
90519914
90520366
90521125
90521946
90522634
90523300
90558904
90559190
90559377
90559822
90560570
90560776
90561187
90561384
90561632
90561722
90561859
87541372
87541891
87542599
87543212
87543568
87598196
87599187
87608506
87609033
87675865
87731397
87736109
87737380
87924527
87926847
87927792
87935808
87936379
87937841
87939223
87940003
87940808
87942342
87943569
87994604
87995202
87996229
87997035
87997640
87998247
87999107
87999565
87999893
88000409
88002160
88003246
88003582
88004046
88004747
88009751
88049591
88059916
88063498
88063840
88064478
88064751
88065431
88065869
88067801
88068756
88070968
88071962
88122332
88185011
88185760
88188616
88191068
88191758
88192481
88193048
88193332
88193925
88196362
88197298
88203293
88309653
88310549
88311005
88311555
88312181
88312890
88318331
88318427
88318562
88332845
88333772
88356154
88372675
88372825
88373332
88374079
88374390
88375223
88375802
88425813
88435921
88437246
88506798
88507127
88507370
88571251
90182959
90183155
90426143
90426702
90429043
90436501
90560652
90561013
90561293
89093261
89093939
89094395
89094584
89099308
89099616
89099986
89100286
89100708
89101268
89101823
89101856
89102398
89103097
89103572
89104411
89104941
89105117
89105475
89106153
89108011
89108971
89109304
89110128
89110469
89113914
89115128
89115705
89116416
89117191
89117581
89118069
89121235
89121810
89122335
89136375
89136681
89136884
89137485
89159747
89160025
89160316
89162676
89163337
89175680
89176416
89176981
89178608
89204025
89205101
89220693
89222053
89222276
89222758
89223583
89228855
89231228
89258748
89259236
89261975
89283387
89283728
89283971
89289632
89289783
89290570
89290940
89295972
89296415
89312504
89313738
89314347
89315925
89316397
89316725
89317276
89322608
89325338
89328349
89328807
89329899
89352985
89353223
89353650
89354371
89354720
89355653
89355866
89356250
89359830
89360158
89361089
89361310
89362655
89362684
81017807
81073102
81073739
81238213
81241334
81241680
81242026
81242329
81242841
81243433
81244489
81269139
81269423
81269867
81270283
81332092
81383994
81384483
81385703
81386457
81395337
81397894
81398289
81398460
81399119
81399416
81399632
81399799
81400387
81400973
81427498
81428289
81439472
81661741
81665354
81770372
81771165
81771339
81771626
81772102
81772285
81779896
81780095
81780429
81780734
81781525
81842628
81843720
81844080
81845326
81845842
81855703
81856264
81856592
81907981
81908843
81909282
81909793
81911011
81911909
81912601
81913336
81923156
81961080
81962323
81962624
81963159
81963486
82113104
82113642
82114037
82114300
82234798
82234973
82235147
82235474
82337959
82360871
82361324
82361662
82362124
82362688
82363284
82364262
82364706
82417258
82418231
82832216
87126806
87127140
87131437
87201936
87202651
87265833
87266176
87266386
87328043
87332949
87333214
87368770
87369478
87370497
87373366
87374031
87374529
87888495
87888908
87911877
87912585
87913087
87913400
87978920
87979532
88038469
88246181
88424590
88485020
88485506
88485716
88486009
88682371
88682821
88683685
88684186
88684650
88685130
88939360
88940296
89073692
89074399
89079362
89079555
89080052
89134619
89134983
89138867
89146007
89146403
89146810
89173686
89174137
89174313
89177860
89193094
89204541
89205993
89206196
89265948
89332181
89332612
89341325
89405997
89406720
89407675
89644596
89645089
89645580
89645966
89653010
89653398
89653932
89654418
89664999
89671296
89671344
89671671
89808741
89809385
89880696
89995799
89996192
90001796
90002347
88895094
88895482
88896147
88897399
88897879
88898670
88955094
88955379
88955882
88956078
89222078
89222638
89223581
89224658
89225216
89225539
89225693
89226334
89287386
89287894
89288622
89289293
89289901
89290228
89290720
89291494
89691327
89691766
89692716
89693294
89694038
89694660
89695242
89759303
89760039
89760473
89760989
89761396
89761797
89762396
89763151
89764147
89764786
89765023
89765640
89766215
89767115
89767978
89768634
89830688
89831492
89831944
89833017
89833618
89833836
89834484
89834787
89835455
89835751
89836287
90011642
90012045
90012260
90012605
90014248
90014505
90014543
90015319
90125820
90126380
90126529
90126872
90127524
90127742
90128402
90128714
90129659
90253364
90253965
90254519
90254904
90255539
90255974
90256728
90256915
90257398
90382768
90383215
90383595
90383787
90384327
90384843
90385188
90385618
90385833
90386501
90386928
90387233
88696717
88700996
88749036
88752484
88758432
88759286
88793103
88818433
88818939
88819179
88819323
88819982
88820546
88820965
88861776
88887682
88888174
88889411
88929908
88955698
88956188
88956764
88956951
89001947
89004252
89005072
89007653
89009730
89021462
89021856
89022335
89022810
89023055
89023385
89023874
89062493
89062862
89088786
89090542
89091171
89206217
89207988
89254516
89281749
89282061
89323912
89351710
89352385
89354757
89355295
89421454
89421889
89499537
89499951
89500269
89533393
89558511
89559267
89629622
89679082
89679911
89744111
89744663
89745353
89750075
89750215
89813795
89865212
89891563
89891906
89892139
89928649
89929820
89951998
89952269
89952481
89952771
89952985
89986326
90159936
90168846
90180035
90181896
90182504
90221736
90247457
90313261
90315623
90315684
90352348
90378642
90379539
90415762
90441454
85701646
85702294
85769246
85771378
85772623
85774190
85878846
85885015
85885289
85944029
86538605
86538819
86539188
86539495
86540068
86540436
86549426
86748915
86749531
86749886
86750204
86750441
86750736
87309471
87310521
87311169
87311664
87312911
87313823
87314295
87314570
87314975
87316104
87317005
87474404
87474492
87557605
87558405
87559547
87560466
87832198
87833108
87833397
87834826
87835432
87835988
87836696
87838530
87838885
88213284
88214003
88214395
88215102
88262632
88263466
88441008
88441393
88441999
88442195
88442618
88443156
88469895
88470643
88471079
88471623
88472257
88473524
88474486
88475571
88511572
88512209
88512880
88513667
88514833
88576073
88576348
88577095
88577883
88578726
88579920
88581172
88704826
88705721
88706554
89959720
89960699
89960998
89961588
89962321
90344255
90345507
90346557
90470944
90471669
90473255
90474273
90476439
90478003
88294777
88295724
88297527
89615084
89617135
89617349
89618457
89619006
89619339
89619900
89620913
89621264
89621679
89622040
89622318
89622469
89623188
89623569
89624106
89624591
89625485
89638244
89639307
89640607
89641341
89641583
89647111
89647916
89648760
89649823
89650227
89650685
89651077
89651384
89652132
89698636
89698766
89699175
89699652
89699935
89702121
89705563
89706158
89706659
89707757
89708367
89712382
89712880
89713480
89714067
89715477
89717358
89719320
89720833
89722014
89888798
89889080
89889278
89889662
89889981
89937643
89938156
89938796
89939193
89939989
89940546
89940918
89941521
89942065
89942653
89943016
89943551
89944006
89944400
89944636
89944856
89945718
89949534
89949967
89951310
89951738
89952006
89952419
89952980
89953324
89953632
89968098
89969664
89970160
90016417
90017349
90017883
90018554
90019131
90020828
90190226
90190905
90192836
90195256
90254279
90255536
90256104
90256458
90257030
90257549
90258123
90259174
90259790
90260017
90261876
90265125
90266066
90307809
90308366
90320483
90321158
90321641
90321888
90322414
90323187
90323660
90324132
90324903
90325379
90326398
90326935
90327301
90327793
90328890
90377995
90378739
90379182
90379760
90380320
90380720
90385471
90385744
90450507
90451345
90451908
90452464
90453116
90454078
90454785
90455464
90455728
90456601
90457203
90457718
90492805
90493315
90493672
90494483
90495082
90496331
90496615
90497131
90497620
90498224
90498838
90499301
90499447
90499744
90500279
90500901
90501058
90501387
90501919
90502506
90502843
90503158
90503525
90503900
90504462
90509916
90510389
90511167
90511715
90512689
90513101
90513485
90514640
90515292
90515981
90516962
90554588
90554798
90555626
90555788
90556517
90556920
90557355
90558154
89475924
89483068
89483376
89483755
89484797
89485077
89485493
89486066
89486334
89488167
89488650
89488878
89489047
89489539
89489904
89490278
89490628
89490678
89490934
89491373
89556400
89556863
89557163
89557638
89753674
89754183
89754713
89824565
89825162
89825444
89825721
89890894
89891232
89891432
89891942
89892172
89892341
89893024
89893165
90179276
90179452
90204451
90204452
90206715
90207278
90208619
90221318
90221745
90222166
90222593
90223267
90223845
90224584
90225293
90244408
90244947
90245153
90245469
90245951
90246308
90277547
90278698
90279544
90279825
90280220
90281682
90308438
90311546
90311835
90350648
90350845
90351589
90353430
90354317
90354838
90355999
90356768
90357130
90357599
90358366
90359131
90360088
90360428
90360959
90361496
90361960
90470944
90471669
90473255
90474273
90476439
90478003
88142253
88142568
88198583
88198982
88199841
88200199
88200570
88200697
88383194
88389920
88390282
88390779
88391522
88392232
88514082
88514528
88514727
88515123
88516046
88516922
88529157
88529724
88530201
88582916
88583582
88584472
88584953
88586542
88586987
88589218
88589672
88605126
88607157
88608349
88641984
88642405
88643399
88647606
88647977
88648361
88648917
88830897
88831684
88832799
88833727
88834386
88834584
88845490
88846138
88846962
88848879
88852376
88853429
88903355
88903849
88904676
88905217
88905587
88905703
88968691
88969730
88983167
89028990
89039032
89040407
89041483
89042249
89044205
89055134
89066527
89067213
89067959
89069344
89097603
89099664
89099951
89100503
89101324
89241283
89241820
89242312
89243083
89243807
89244979
89248806
89249418
89250629
89250896
89251671
89251957
89252761
90551763
90552457
90553031
90553428
90554321
90554825
90061313
90061429
90061659
90062237
90062765
90081035
90081405
90081886
90082195
90082997
90089918
90090447
90092633
90093320
90093911
90094526
90138445
90139179
90139515
90140126
90140380
90140744
90141574
90141936
90142695
90142842
90143346
90145553
90148031
90148356
90175811
90204559
90205760
90214947
90216002
90217079
90217685
90218111
90218961
90219677
90220313
90225609
90225984
90227105
90228035
90270839
90271421
90272471
90273717
90274682
90279481
90280678
90281752
90282524
90291092
90291306
90292243
90292685
90293413
90293497
90293689
90294584
90335755
90337111
90337865
90342106
90342654
90343377
90346954
90347284
90348000
90349152
90398705
90399918
90400779
90401415
90401698
90406764
90408404
90409292
90409976
90463937
90464605
90465353
90465988
90466751
90467653
90474195
90475744
90476506
90549988
90550408
90550849
90551366
90551833
90552319
90552558
89012765
89013936
89014424
89014708
89015013
89015439
89015944
89016343
89016882
89017665
89018228
89018699
89019071
89027864
89028850
89052930
89060911
89066324
89068721
89069217
89070841
89093608
89094331
89098397
89098635
89103666
89103980
89104587
89105778
89162942
89190381
89194801
89197265
89259795
89290174
89291026
89307558
89308298
89315423
89316168
89317292
89324865
89326074
89326627
89327489
89358435
89359375
89363228
89363897
89430261
89431480
89432768
89434033
89527530
89541726
89574998
89576226
89576846
89577411
89577811
89579124
89639307
89640607
89657206
89659419
89659787
89660316
89661318
89709504
89709991
89764779
89765418
89766264
89766716
89767704
89768251
89769682
89770712
89771282
89771947
89772373
89773017
89774834
89776007
89776442
89777832
89809940
89811496
89837661
89838093
89866003
89898017
89913093
89915576
90037342
90040851
90042148
90397590
89762934
89763914
89803839
89803996
89808653
89809083
89809622
89810174
89814524
89819171
89819629
89820015
89823780
89827208
89827765
89828090
89828654
89830955
89831495
89831970
89832172
89837159
89875171
89875435
89875613
89875958
89887207
89887326
89887520
89936827
89937590
89938362
89938449
89940294
89946689
89946963
89958862
89989241
89989447
89989723
89990611
89990806
89995126
89995668
89995941
89996229
90012867
90013091
90045946
90051956
90058479
90103664
90104415
90105275
90105821
90106112
90106869
90114283
90114623
90117353
90117479
90159702
90160108
90160323
90161216
90161258
90164499
90188081
90296124
90296629
90303346
90305810
90307812
90308366
90309520
90310089
90361370
90361944
90361962
90362283
90362544
90371751
90371933
90420500
90420927
90421767
90421973
90422279
90422570
90422953
90425969
90426122
90509827
90547394
90547996
90566720
87572480
87607431
87607790
87608389
87653235
87671084
87853381
87853978
87920589
88060002
88060848
88432195
88602257
88754741
88777284
88941941
88944376
89074970
89076030
89076899
89298762
89305617
89548216
89610906
89743128
90005604
90005958
90006562
90006927
90007433
90008298
90062482
90063127
90063610
90116432
90118279
90123870
90124018
90124304
90124736
90125266
90146321
90147142
90147813
90148307
90156398
90165144
90166494
90166945
90179407
90206193
90208285
90215390
90216819
90230004
90237775
90238323
90300824
90311093
90311592
90312795
90313979
90339899
90356840
90357581
90359077
90361082
90395065
90401305
90415399
90423053
90436501
90437314
90438334
90438858
90439917
90440178
90502680
90536225
90537011
90560322
90560896
90565740
90565830
90566042
90566662
90567224
90567771
90568723
88508523
88508877
88509482
88514314
88514766
88515826
88577160
88578332
88580521
88581101
88636025
88636571
88637431
88893067
88893466
89292665
89777486
89780323
89780872
89782084
89822629
89824821
89827739
89828003
89828286
89828925
89831246
89831597
89832037
89832475
89838896
89839459
89840244
89892403
89895116
89895849
89896835
89897149
89966553
90007479
90007849
90009365
90009538
90013959
90014449
90180804
90181924
90183253
90183832
90184460
90185031
90186360
90186657
90188515
90190269
90192351
90248566
90249242
90250819
90250978
90251421
90251608
90252255
90261188
90313544
90314588
90316159
90317212
90318402
90321641
90323075
90323660
90377966
90382698
90384130
90388649
90389509
90390451
90392060
90392767
90393306
90443536
90443975
90445184
90447140
90447882
90448113
90449706
90449880
90450674
90451792
90453183
88026811
88027021
88027661
88028021
88064329
88064730
88065221
88083703
88084002
88084791
88084825
88085288
88086365
88087006
88087449
88087967
88088968
88127217
88127284
88127550
88127813
88128217
88128708
88128908
88129268
88129706
88129858
88130073
88130259
88130499
88130896
88145534
88145908
88146570
88148730
88195806
88196060
88202441
88202875
88203905
88204175
88204771
88205588
88205900
88206208
88206632
88207097
88207952
88208609
88209270
88209990
88210558
88210964
88211531
88253266
88253510
88253847
88254142
88254388
88254573
88255066
88255286
88255539
88255949
88256322
88256870
88257095
88257212
88257395
88257734
88266256
88266905
88267237
88267891
88268721
88269242
88466952
88467865
88468648
88648415
88648920
88649620
88650113
88651003
90077967
90078443
90517302
90517649
90518233
90518852
90519779
90520233
90520776
90521200
89769474
89810740
89811595
89814067
89814481
89819629
89820205
89821203
89823264
89824707
89825813
89828950
89880651
89895534
89896122
89896387
89896712
89897101
89900511
89900917
89902399
89940143
89956663
89956914
89957734
89957917
89958458
89958821
89959354
89960112
89962399
89962991
89968098
89970473
89971591
89972099
90010491
90028096
90052492
90053717
90057780
90058985
90061765
90061915
90062390
90063429
90064316
90076646
90077526
90078562
90079309
90080408
90117208
90118303
90118466
90121650
90122305
90125379
90131369
90132364
90132787
90134198
90137574
90138491
90183685
90234304
90259943
90263251
90263844
90322781
90323612
90325491
90325749
90326100
90327519
90330563
90387969
90389098
90390149
90394183
90394434
90459576
90460142
90496435
90497535
90498550
90504310
90510497
90553785
90554129
90558438
90565531
89438419
89453987
89455219
89455652
89506802
89507452
89507907
89508959
89509080
89607592
89608227
89797188
89797831
89798334
89798976
89799422
89799815
89800042
89800708
89801119
89806822
89807482
89881333
89881669
89881862
89882958
89883306
89883577
89884090
89884556
89885164
89885554
89885723
89886143
89886499
89974036
89979265
89979468
89980031
89980867
89981240
89981561
89983543
89997963
89998518
90111385
90111786
90114569
90115036
90116009
90116296
90153513
90153973
90154511
90154749
90155354
90156152
90156851
90175818
90178012
90178226
90178342
90230194
90230770
90231712
90232315
90232835
90233357
90296503
90303973
90501221
90501397
90501958
90502148
90502445
90504041
90504352
90504807
90506153
90508103
90511179
90511450
90511835
90511945
90512335
90512832
90513124
90513498
90513998
90514168
90514580
90515152
90515699
90516126
90516797
90541151
90541400
89633971
89634357
89636873
89759093
89759321
89759403
89759641
89767343
89767872
89768602
89768981
89769486
89770444
89772333
89772910
89775048
89775249
89838789
89839736
89840632
89841455
89842807
89844161
89856125
89856728
89857686
89857986
89858644
89902308
89902665
89903356
89904475
89905917
89920772
89921214
89968049
90018339
90018895
90019203
90020041
90020895
90021126
90021424
90021720
90021977
90024022
90025103
90025343
90025680
90026345
90026549
90026901
90027343
90028329
90028844
90029567
90039293
90040245
90079408
90079862
90079928
90080677
90081746
90082216
90082574
90122811
90123430
90123691
90124000
90124284
90124571
90124995
90125449
90133709
90134377
90135138
90135909
90136197
90136814
90197820
90198177
90198456
90198602
90198717
90199062
90199865
90200360
90211568
90212665
90391007
90391350
90391818
90393386
90394493
90395009
90395413
90458582
90459144
90459591
84844090
84844934
84845503
84846272
84912253
84913358
84914232
85042848
85044180
85179074
85179855
85180387
85181932
85249129
85249711
85251126
85317345
85319482
85883240
85884442
85885163
85886088
85886922
85888552
86072898
86073663
86150644
86151335
86152305
86220358
86288963
86291538
86292519
86356489
86356834
86619635
86690567
86691760
86694017
86756609
86760506
86821404
86825381
87152228
87152811
88134285
88134946
88135628
88136952
88453701
88455749
88642018
88642557
88644218
88644941
88902061
88963933
88965428
89030463
89032244
90320663
90384909
90385955
90387564
84795353
84796435
85125655
85133746
85134049
85135966
85206554
85211675
85261134
85262512
85342188
85343286
85343363
85343437
85343939
85345978
85470791
85529801
85908859
85937853
85965447
85966310
85966506
85968525
85969815
85982590
86005409
86005918
86473287
86473790
86474540
86477663
86477971
88015217
88015602
88599528
88600546
88601323
89116156
89303716
89352464
89513665
89568673
89569840
89573210
89573388
89574412
89577246
89577978
89578519
89578881
89579489
89579805
89647111
89706411
89709898
89786611
90214250
90215089
90390450
90396459
90444001
90447433
90447819
90448546
90462612
90463747
90470533
90471123
90035558
90036273
90036593
90037233
90037574
90043467
90043648
90044034
90044235
90044360
90047658
90047932
90048432
90048888
90049355
90049709
90050062
90054652
90054995
90055430
90055872
90056169
90056364
90085267
90085679
90085792
90086448
90086907
90087250
90087387
90104649
90105104
90105497
90105975
90106203
90107065
90107435
90107755
90108391
90108614
90161258
90161760
90162007
90163942
90164379
90177958
90178010
90178396
90178543
90178692
90178836
90179045
90179318
90179595
90180182
90180330
90225192
90225816
90226605
90227729
90227940
90228272
90228724
90229012
90229555
90235204
90235702
90236303
90236605
90261933
90262325
90262629
90351572
90352806
90370276
90370351
90370507
90370677
90371030
90394858
90395260
90395936
90396041
90396529
90396918
90397234
90397375
90429529
90462099
90544973
90545201
90545479
90545924
90546248
90546453
90546952
85623574
85624209
85625104
85677140
85677525
85678115
85678550
86006292
86007043
86007383
86032623
86033711
86034685
86035368
86036245
86036750
86100901
86239879
86242087
86242539
86243070
86243801
86426592
86439303
86440910
86441401
86441900
86442250
86486766
86849161
87422242
87443214
87443702
87509251
87959594
87960854
88026805
88028046
88028578
88029396
88219094
88219997
88403924
88404525
88405752
88406970
88733275
88733775
88734376
88920745
88921422
88922225
88922877
89055996
89056657
89057988
89248156
89248740
89250444
89319580
89523109
89523852
89524455
89525616
90215665
90216170
90216563
90217854
90279000
90412838
90413251
90474038
90474365
90475240
90476587
90476964
90477725
90478170
90478594
90479706
89223559
89224066
89224804
89225361
89227253
89228091
89228145
89228449
89228768
89229047
89229580
89229812
89230128
89230847
89231571
89232036
89232235
89232673
89233061
89234144
89234877
89291518
89291794
89292102
89292270
89292669
89293027
89293845
89294478
89295608
89295985
89363685
89364459
89366406
89611857
89614497
89679070
89679345
89679987
89680355
89680611
89681241
89681586
89681949
89682066
89682393
89682763
89682854
89683118
89683237
89683407
89683587
89684084
89693825
89694328
89695217
89695928
89696829
89697199
89817732
89818155
89818477
89818902
89819248
89819732
89820369
89820705
89820983
89828145
89900425
89900762
89901358
89901900
89902442
89903019
89903354
89903934
89904290
89904614
89904647
89904932
90022051
90022460
90023273
90023513
90456881
90513099
90513417
90513539
90514042
90514491
90514628
90515380
90515776
90516671
90517716
90519737
90542869
90544052
90544451
72971259
73185814
73186143
73187001
73228705
73231103
73232070
73233116
73234174
73234561
73235022
73236660
73237217
73238447
73239525
73240237
81210848
81210968
81211325
81211574
81212417
81212763
81213136
81213467
81213895
81238161
81239481
81302645
81303358
81303934
81304446
81305451
81306308
81307428
84119064
84119233
84120124
84294426
84294654
84295185
84295945
84296257
84296522
84296673
84296993
84297635
84297848
84900007
84900443
84900611
84900636
84901305
84901432
84901671
84902099
84902453
84903157
84904096
84904509
85302194
85302772
85303160
85303680
85304102
85304398
85304615
85304917
85690653
85692764
85693995
85695062
85696136
85697019
85698936
85699917
85701568
85702170
85702450
85702815
85703332
85703865
85704155
85704412
85704824
85820202
85820947
85821132
85822291
85823037
85823443
85824014
85824968
85825835
86633907
86634474
86665161
89252422
89984485
89985108
89985881
89986274
89986609
89986905
89987279
89987455
89987769
89988110
89988447
89988605
89988910
89989241
89989447
89989725
90075938
90076355
90078479
90079085
90079650
90128413
90128843
90248740
90249031
90249294
90249398
90249682
90250299
90251089
90251490
90251926
90251995
90252167
90252430
90252866
90253330
90253944
90254494
90257500
90273380
90273526
90274120
90274633
90275204
90275881
90276606
90277150
90277531
90278202
90278939
90279358
90279979
90280721
90281497
90282270
90283422
90283917
90284767
90285369
90315442
90315596
90315929
90377702
90377822
90378185
90378458
90380131
90380616
90381012
90381442
90381748
90382960
90384017
90384501
90385000
90385299
90385822
90386542
90386717
90387335
90388249
90388499
90388584
90389557
90444697
90445084
90445349
90445509
90446123
90447089
90447436
90465088
90465875
90466655
90467114
90467529
90468043
89682653
89684347
89684543
89684847
89685199
89685568
89686080
89686377
89686621
89686905
89687050
89727953
89728345
89729245
89730048
89739133
89739734
89740056
89740281
89741291
89742173
89748550
89748689
89749074
89749368
89749620
89938869
89939383
89940394
89940797
89941307
89941527
89942079
89942403
89942733
89943136
89989308
89989778
89990070
89990325
89990739
89991098
89991412
89992233
89992545
89992969
89993201
89993384
89993775
89993983
89994205
90046980
90047150
90047931
90060878
90061203
90061618
90061809
90062149
90062301
90062632
90062790
90062978
90063056
90065090
90065428
90086831
90086953
90087616
90088324
90105102
90105709
90106149
90106494
90106935
90107583
90107936
90108323
90142113
90143367
90177372
90177675
90177883
90178127
90178378
89824514
89826501
89827027
89829318
89829803
89830518
89831200
89831945
89833239
89834113
89834965
89835737
89836804
89839766
89840716
89891762
89892372
89892541
89893444
89895710
89896410
89897322
89898072
89898997
89899449
89919326
89920003
89921048
89925954
89926108
90153669
90153729
90154625
90155127
90155685
90156884
90157932
90183951
90184961
90185769
90186243
90186957
90187303
90187874
90188446
90189320
90189858
90190697
90193159
90193715
90193934
90194656
90195148
90196002
90197055
90198357
90203787
90204819
90212091
90214541
90216324
90246710
90247179
90247728
90248072
90248868
90249786
90250202
90256424
90256631
90257653
90257749
90258783
90259784
90260750
90261540
90262507
90263317
90264546
90265480
90265905
90348596
90349466
90376166
90376681
90388421
90388731
90389172
90389774
90413639
90416313
90505959
90517131
90518413
90519190
90519728
84951413
84951805
84952309
84953690
84977755
84978546
84978902
84979250
84980018
84980865
84981869
84982174
84983936
85221856
85289363
85289595
85289871
85289981
85290431
85353156
85353877
85354899
85384863
85385535
85386043
85386305
85387555
85388872
85389429
85390227
85391257
85392698
85393333
85394104
85395064
85395680
85453286
85453546
85453924
85454746
85455079
85455419
85455509
85456258
85460308
85914775
85915674
85916314
86420737
86421040
86888936
86889742
86890684
87052197
87052464
87053069
87053263
87053783
87054221
87323438
87323805
87324431
87325041
87325658
87428111
88105337
88778061
89538261
89539030
89543777
89544207
89600762
89601482
89602294
89602578
89732611
89733744
89734523
89735431
89736292
89736689
89737614
89738301
89780323
89780872
89860171
89860736
89861269
89870860
89872312
89969202
90075555
90362608
90363409
90363813
90417800
82571596
82888303
82888767
82889897
82890643
82891083
82891516
82891533
82893257
82997154
82997854
82998584
83000286
83115686
83220769
83221549
83222052
83223460
83224314
83225354
83226181
83788225
83788477
83789122
83790099
84286081
84287094
84287902
84822765
84824186
84824697
84825084
84825560
84827568
84827891
84828357
84828385
84828403
84886912
84887533
84887569
84888412
84889077
84889861
84890143
84890526
89726320
89726979
89727265
89728562
89729164
89730435
89731007
89802170
89802829
89803321
89803694
89804306
89804961
89805259
89806214
89806993
89808203
89809385
89809798
89810248
89811290
89812577
89812913
89814141
89814673
89815067
89815725
89816459
89816951
90285161
90286274
90287468
90288722
90289521
90292077
90293196
90294438
90295337
90476138
90485062
90485856
90486424
90489413
90490181
90490306
90490819
89587415
89614601
89615028
89615611
89615903
89616493
89616583
89617208
89617549
89646441
89646835
89647492
89647669
89670382
89670588
89671279
89671700
89672408
89737009
89737174
89737711
89738204
89767085
89769119
89769760
89770883
89770965
89809743
89810464
89811151
89811588
89812963
89813402
89844748
89846345
89861763
89871604
89872353
89873787
89878547
89911332
89911579
89911900
89912542
89936395
89936982
89937429
89937675
89938141
89965115
89965855
89966520
89990453
90030521
90051634
90051929
90073892
90130475
90169661
90170633
90171123
90171743
90201935
90203848
90204255
90210341
90211568
90212665
90230459
90256813
90257702
90258232
90258877
90259493
90260468
90263085
90263917
90264345
90265371
90266073
90266963
90269019
90269969
90270819
90271589
90273205
90279823
90333912
90341211
90358260
90359249
90386133
90386395
90387122
90400515
90401023
90421500
90421942
90422462
89559106
89585691
89588774
89715477
89717358
89751601
89752036
89752276
89820685
89820985
89821480
89821943
89823391
89823927
89855202
89856081
89858266
89864142
89865238
89866003
89969720
89970789
89971242
89977569
90008599
90008946
90009184
90009467
90010131
90031504
90063812
90064407
90064738
90065024
90066468
90066908
90067297
90075051
90080782
90081189
90081884
90082146
90082831
90086856
90088791
90089883
90098323
90098764
90099173
90099512
90101980
90102662
90104120
90104415
90142695
90146809
90147227
90147952
90148624
90149310
90219137
90220881
90226048
90226491
90227454
90228239
90228998
90229796
90230232
90230542
90231188
90231524
90231833
90232796
90233065
90233910
90234342
90312795
90376492
90385471
90385947
90387645
90392868
90425391
90426143
90426702
90430449
90440369
90440712
90441080
90441537
90451278
90451792
90454538
90458834
90504898
90507233
90509108
42121209
42125232
42128866
42133773
42135229
42137322
42389670
42581482
42702893
42705558
42737420
42894574
43647550
44339654
44342535
44344219
44346444
44354109
44356604
44360452
44608380
44628447
44629199
44719654
44743437
46332337
46334273
46337898
46339615
46340602
46571709
46573477
46575516
46577461
46854509
46856069
46857890
46872544
46874006
46875208
46876503
46949001
47271856
47412654
47413362
47414488
47415127
47425043
47426367
47435933
47604112
47628794
47808980
47811437
47812361
47814752
48063483
49602892
49603532
49604240
49604694
84314276
84315019
84323560
84324518
84330054
84334061
84335869
84338635
84339862
84340402
84341010
84348576
84349182
84350197
84350913
84351476
84351902
84352717
84354740
84355290
84357106
84357487
84357983
84392819
84393364
84394134
84394768
84396229
84396965
84406672
84937115
87738132
87738473
87738942
87874014
87875362
87875993
87876494
87877103
87878509
87878991
87879638
87880182
87929803
87930142
87931003
87931398
87931914
87932475
87932903
87933089
87933787
87934773
87935331
87935951
87936534
88054133
88054313
88055310
88055664
88068995
88077151
88204793
88205343
88206218
88208284
88208703
88268286
88268697
88269264
88317332
88323979
88568380
88639981
88640394
88641023
88641689
88641827
88642264
88682510
88682867
88683334
88683651
88683889
88684543
88685138
88685545
88686091
88705443
88706261
88706618
88707046
88707806
88708449
88966859
88967215
88967606
88968057
89075382
89076057
89076635
89076932
89077325
89077865
89145392
89151334
89564547
89565159
89565949
89566102
89566462
89763176
89763822
89764424
89764865
89966346
89967002
89967823
89968267
89968366
89968747
89969334
89969664
89970049
89971028
88816114
88825600
88827062
88829818
88895457
88901961
88960093
88960450
88961588
88971895
89020227
89024048
89027305
89029700
89094756
89103581
89159102
89159332
89164357
89223338
89227991
89287757
89357511
89358282
89364804
89431732
89437512
89438172
89439135
89552541
89557296
89557659
89574620
89615990
89616612
89619929
89620913
89696912
89702563
89759023
89759432
89835830
89836962
89958563
89959559
89966360
90013379
90018047
90019647
90123643
90128090
90129026
90196577
90197009
90199053
90254053
90262676
90321441
90322964
90391514
90399016
90438745
90444931
90445420
90499039
90499799
90501507
90507233
90508247
90566965
90567600
90568484
90569117
88904852
88905208
88906081
88906591
88906962
88923026
88923658
88924193
88935410
88936046
88936800
88941856
88942236
88942942
88943294
88972740
88973489
88993946
88997741
89000111
89004936
89005388
89013348
89040229
89040940
89058812
89059304
89060581
89062343
89064853
89065785
89066656
89067680
89068373
89068875
89069057
89069487
89071800
89133207
89136198
89136877
89137183
89166092
89184795
89245330
89252773
89253658
89262172
89262958
89328914
89329570
89329916
89332369
89332743
89460742
89477141
89535032
89535755
89587460
89587547
89599999
89601091
89607728
89641684
89641749
89659685
89710118
89728612
89731455
89861630
89863055
89932292
89986293
89986871
89987384
89991554
89992037
90024108
90024969
90025684
90032088
90032630
90033281
90035314
90042929
90102184
90136153
90156263
90156872
90163708
90222991
90223500
90347872
90352158
88621524
88622358
88622571
88623003
88724755
88725792
88726421
88728098
88931145
88931555
88932381
88932815
88933166
88933887
88994395
88995062
88995096
88995653
89066485
89066808
89067242
89067730
89067937
89068233
89068843
89143245
89143480
89143707
89144299
89245670
89245993
89246980
89247120
89249430
89323605
89324827
89325292
89326448
89326795
89327584
89328426
89329020
89334303
89334929
89335734
89336470
89467847
89468332
89638219
89638526
89639138
89653038
89654516
89654993
89655400
89704124
89704550
89705189
89706854
89707514
89708128
89708845
89709181
89710205
89711064
89711323
89711892
89712383
89712930
89713457
89713882
89716056
89722408
89727738
89728744
89728919
89729488
89730110
89730563
89730930
89797683
89798315
89798591
90163271
90163780
90164178
90164637
90165194
90165567
90166053
90166484
90166908
90167346
90295849
90296225
90296514
90296867
90297408
90297894
88256107
88256566
88308865
88309182
88309654
88309863
88310180
88310624
88310847
88311254
88311635
88312181
88312744
88312946
88313571
88313745
88313802
88314357
88314953
88315345
88315700
88316049
88538627
88653589
88653966
88654679
88661542
88662508
88662931
88663403
88665332
88666502
88667022
88667572
89180924
89181588
89183316
89183554
89184356
89185348
89185579
89186245
89230851
89231541
89231846
89232255
89233296
89233666
89234918
89235400
89382757
89383875
89384588
89628304
89628940
89689130
89689272
90030850
90031701
90032562
90035785
90036071
90036616
90037474
90038371
90039060
90039397
90069178
90069450
90069694
90070177
90076990
90078293
90129494
90129916
90273021
90273502
90273734
90274169
90275416
90275862
90278779
90279120
90279518
90338247
90339083
90343369
90521191
90521505
90522292
90522641
90523256
90523412
90524318
90524820
90569952
90570566
90571137
90571653
18357423
18357632
18357868
18808965
18810078
18810323
19116583
19116791
19117227
19117582
19148789
19149316
19149831
19706906
19707286
19732912
19733266
19960142
19960481
19960967
19961563
19961952
19962248
20193526
20403053
20403268
20403429
20403842
20431451
20431637
21366334
21366727
21367188
21367741
21892968
21893474
21894059
21894370
21894871
22048138
22141519
22142174
22143409
23379829
23380126
23380562
23381075
25319750
25319884
25320158
25320453
25320642
25320852
25321331
28129441
28129688
28130322
28130662
28131218
29372466
29372878
29373123
29373450
29374066
29499868
29500212
29500516
29500903
29829748
29829797
30152428
34407231
34407747
34407933
34623677
34624073
34624439
34877121
34877340
34877894
34878277
34879051
86354287
86375026
86382886
86390785
86425227
86426019
86433204
86437239
86554344
86562438
86568603
86640062
86651427
86652974
86655438
86689390
86691244
86784970
86849858
86910073
86958698
86966046
87034594
87076552
87150201
87156696
87159849
87176318
87177165
87177705
87256709
87306771
87382113
87384656
87386342
87435965
87437811
87443434
87444295
87480051
87483008
87548577
87558816
87561452
87580772
87638671
87682645
87689682
87706584
87708359
87710386
87775213
87833699
87883347
87888715
87890889
88546288
89239358
89414235
89470593
89478531
89480931
89481372
89482072
89529498
89530190
89531552
89532023
89533684
89534127
89534947
89538766
89590482
89591555
89678859
89679090
89679313
89680146
89680531
89682195
89682284
89682379
89682571
89682653
89709874
89861145
89861887
89863095
89863994
89864594
89865208
89865788
89866396
89867028
89867255
89871315
89871532
89871795
89872281
89872575
89874082
89874569
89876976
89878249
89882645
89882864
89883200
89883462
89883968
89884325
89917301
89918776
89919471
89919834
89930489
89931885
89932090
89941935
89962345
89962632
89963750
89964313
89965837
89966094
89966415
89966901
89967181
89967417
89968049
89973325
89973917
89974120
89974810
89974954
89975204
89977760
89979547
89997022
89997930
89998104
89998262
89998718
89999471
89999826
90000057
90001705
90002035
90002361
90002555
90031124
90033769
90286439
90288264
90290086
90290448
90290967
90291250
85772139
85773133
85773772
85801659
85802525
85804194
85804484
85840733
85841577
85914844
85915366
85915978
85916453
85917254
85918053
86013554
86014218
86014575
86014760
86041756
86042746
86043608
86044499
86045260
86107289
86107807
86120155
86120791
86121363
86192774
86193081
86193691
86194438
86194877
86242275
86247960
86248613
86249973
86381293
86614686
86615175
86846176
86846577
86847226
86847257
86848937
86849958
86850258
86939817
86940351
86940612
87062420
87109451
87122405
87122786
87123621
87787866
87788151
87789341
87789541
87789976
87790126
87790819
87791634
87793368
87795614
88387632
88388328
88426433
88691710
88763917
88764513
88765060
88765927
88766546
88766972
88767544
89162297
89169728
90031291
90031741
90032203
90033184
90033825
90034345
90034940
90050748
90051475
90051994
90084620
90085441
90085845
90108931
90128060
90128461
90128789
90513294
77119719
77120473
77262897
77266581
77268301
77269067
77269314
77270364
77270990
77346957
77348199
77348701
77462938
77463348
77463958
77464338
77464614
77465010
77465220
77465467
77698962
77699535
77700462
77982447
77982882
77983893
77995689
77996163
77996509
77996954
77997300
77997799
77998222
78277551
78278556
78345985
78346674
78405901
78406230
78406595
78407117
78407910
78408156
78473488
78473846
78474258
78474595
79125226
79125817
79126008
79422951
79423140
79423540
79828190
79828404
79828622
79828831
79829172
79829561
79829844
80691484
80691697
82242035
82502904
82503137
82835882
82836152
82836329
82836514
82857156
82857865
82858394
83394574
83395215
83395692
83396503
83460065
83460223
83524044
83524536
83824307
83825385
83826510
84043559
84043771
84043956
84044562
84045441
84046533
84047211
84047802
84048353
84714748
84715156
84720362
84720891
84721707
84783587
87416844
89199553
89200588
89201660
89201917
89202259
89202532
89202699
89202829
89203086
89203470
89242231
89249150
89249557
89250246
89251127
89251448
89252171
89252933
89253302
89253596
89254316
89259085
89259649
89259985
89260296
89261037
89266031
89266371
89266814
89269026
89269176
89270079
89270552
89271079
89271899
89272830
89273299
89273724
89329089
89329387
89330003
89330750
89331341
89337766
89337988
89338844
89401439
89401721
89402230
89402830
89403631
89404152
89406706
89407188
89407465
89408249
89408540
89408909
89468021
89468283
89479134
89479354
89479626
89480368
89533404
89533701
89534180
89534458
89549526
89549706
89550188
89550587
89550912
90144160
90144804
90226925
90227480
90227806
90228558
90291092
90291306
90292243
90292630
90293328
90418662
90419085
90419617
90419847
90420569
90421318
90421841
90423967
90424227
90424601
90533345
90533931
90534515
90534842
90535384
87556701
87691065
87691673
87758938
87766983
87820603
87872231
87872792
87873346
87874120
87937453
87938309
88004830
88005497
88006230
88074601
88075224
88076009
88273350
88323758
88522979
88523323
88524889
88720537
88721454
88722150
89104423
89105351
89105773
89106010
89182312
89182789
89183021
89184202
89185445
89241786
89242926
89243762
89244213
89245025
89245581
89506686
89569934
89707720
89707977
89709037
89709770
89710220
89773578
89774183
89775416
89837350
89837770
89838156
90027411
90079089
90085728
90459299
90459679
90459798
90460494
90460967
90461674
90462167
90462460
90463522
90464238
90464614
90511801
90512451
90512939
90513542
88314911
88315354
88321884
88398997
88399645
88400089
88400820
88512678
88513094
88513954
88514560
88515224
88515580
88516679
88517387
88518417
88518779
88518952
88519587
88520453
88523693
88527675
88537876
88538273
88538726
88540035
88667276
88668513
88763176
88778701
88846205
88910803
88911483
88915624
88916992
89057800
89058856
89094196
89094456
89094848
89095292
89113021
89113573
89113891
89227931
89228582
89228881
89229527
89306987
89308441
89309890
89444009
89444812
89445953
89446645
89517876
89524653
89625278
89708949
89709454
89791106
89826412
89826747
89827375
89902238
89903869
89904684
89905606
89906188
89906612
89915903
89916727
90033826
90034318
90034970
90035111
90036273
90036593
90037233
90083610
90136530
90183397
90199981
90200972
90314127
90325829
90327465
90338694
90339384
90340321
90340733
90342390
90461798
90462829
90472085
90472410
90474151
63680788
63680932
63681503
63681687
68427902
68428526
68489741
68491224
68491633
68491686
68491785
68492342
69245232
69662011
69662613
69663455
69664228
69802043
69802305
69802448
69802784
70363108
70363395
70615287
71530516
71532499
72361130
72361706
72363412
72364516
72991787
72992501
72993012
72993931
72994706
73015164
73016202
73016954
73016976
73017235
73250204
73250491
73250882
73251126
73251402
73251839
73251953
73252383
73252752
73252857
73252975
73253394
73253770
73254075
79442824
80845884
80973539
80989948
80990235
84443597
84443955
84444182
84444669
84774019
84774442
84774866
84775381
84775552
84776095
84776600
84777105
84778228
84778439
84778877
84779238
84779857
84780305
84780809
84913274
84913841
84944850
84945209
84945539
84945821
84946380
84947167
84947515
84947915
84948533
84948584
84948980
84949377
86151555
88344792
88501998
88502466
88835602
88836519
88896947
88900696
88904243
88904388
88918045
88920396
88924739
88942785
88943289
88944019
88945590
88955733
88955893
88956402
88957033
88957383
88957853
88958097
88958486
88962521
88963895
89037754
89099943
89104439
89121026
89121376
89148675
89148990
89151040
89152612
89153866
89172664
89183650
89184074
89184719
89302540
89305592
89348158
89348595
89349071
89349979
89350163
89350489
89350853
89351864
89352019
89352667
89438011
89438640
89515783
89564576
89572913
89573422
89671842
89672217
89672550
89673312
89758595
89763880
89764635
89949971
89964182
89968978
89969820
89970206
89970618
90012026
90015012
90015638
90150208
90150791
90151262
90254634
90257428
90257824
90265190
90314623
90316517
90316815
90317202
90317743
90317945
90318255
90318644
90318840
90320694
90323655
90324463
90334496
90453948
90522260
90249547
90249783
90250092
90250629
90251010
90252666
90252869
90254352
90254674
90255170
90255971
90256327
90291211
90301210
90321556
90321756
90354578
90354928
90355298
90379144
90381869
90382321
90382717
90383657
90383777
90384312
90417477
90418749
90428517
90428818
90429272
90429670
90429902
90446483
90447137
90447578
90447719
90448181
90448743
90483453
90484190
90484319
90484484
90484742
90485210
90485367
90485654
90487683
90488143
90488264
90488650
90489147
90489691
90489823
90490371
90491565
90495211
90495394
90495613
90495857
90496065
90496286
90496568
90497183
90501358
90501610
90503353
90503680
90504067
90506284
90506372
90506534
90506763
90506975
90507412
90507630
90509193
90509530
90509782
90510274
90543669
90543969
90544880
90545279
90545727
90545931
90546155
90546429
90546750
90547038
90547996
90550575
90550910
90553609
90554394
90557355
90558326
90558643
87633061
87634072
87635546
87636440
87637298
87639054
87645373
87647339
87655871
87656413
87657508
87658347
87661859
87663925
87664801
87665913
87666175
87666731
87667360
87667743
87668624
87668972
87669753
87670049
87711384
87712223
87713160
87729721
87955790
87973296
88033589
88051981
88096920
88097971
88108340
88120944
88164955
88165288
88228951
88231667
88232640
88234395
88414430
88418179
88422498
88466760
88480611
88481448
88482701
88565321
89405849
89406540
89416182
89464126
89519503
89521180
89522976
89525241
89526541
89527672
89614798
89618475
89618986
89871029
89872649
89924342
89925287
89926656
89927316
89928063
89928805
89930701
89931456
89937489
89938141
89938690
89939123
89949491
89949967
89952470
90174409
90175190
90176147
90177104
90228314
90228761
90229403
90230359
90231019
90249440
90343846
90347887
90348667
90349588
90351274
90353176
90354157
90372673
87284404
87766935
87776903
88098758
88227433
88227868
88228519
88264633
88265239
88265688
88279783
88322901
88675577
88712002
88712686
88713922
88765743
88766456
88792750
88929242
89071104
89072231
89159485
89159849
89160380
89235919
89243078
89252422
89254417
89319435
89320538
89336933
89337575
89338314
89338668
89536158
89632764
89633366
89670012
89670451
89697630
89736606
89808820
89873682
89874225
89875344
89893090
89919332
89920229
89993040
89993285
89993660
90012082
90012319
90012512
90075555
90097578
90490665
90491184
90510298
90519697
90191717
90192117
90192426
90193117
90194296
90195116
90195794
90196181
90197524
90199071
90203171
90203788
90204586
90205458
90205991
90206365
90207118
90207566
90207948
90208745
90209123
90209812
90210371
90210829
90211493
90213767
90214348
90214929
90215571
90218359
90218951
90229010
90229411
90229940
90230201
90231109
90231368
90231698
90232042
90232170
90232244
90232448
90232705
90233192
90233773
90234842
90235387
90236104
90236437
90237225
90237492
90292282
90292785
90293168
90295514
90295908
90296000
90296423
90296641
90331708
90332309
90332917
90333415
90334105
90334999
90335682
90336329
90336846
90338459
90338773
90339190
90339272
90340071
90340426
90340961
90344753
90345850
90347335
90348032
90349222
90349771
90350133
90350739
90351253
90351964
90361444
90361809
90361995
90362019
90362080
90362307
90362450
90362827
90364485
90515353
90515546
90568803
90569036
90569909
88072587
88075752
88205064
88213081
88436588
88440590
88513359
88610768
88630949
88631631
88692630
88693161
88693358
88693555
88706904
88707441
88707824
88708337
88708665
88709384
88709747
88710088
88710649
88711347
88711656
88711980
88712295
88712587
88754835
88814275
88815762
88888892
88902420
88903221
88903980
88904592
88950836
89144057
89150043
89150220
89150532
89150995
89151305
89151894
89152336
89152683
89152876
89152986
89153321
89153532
89153648
89153681
89153731
89154215
89154479
89155340
89155427
89155846
89156172
89156709
89157001
89157252
89157426
89157624
89281378
89281646
89342258
89342380
89342494
89350803
89351169
89351524
89351930
89355772
89617549
89624952
89630852
89819732
89828919
89828990
89829404
89842217
89961582
90117086
90120464
90124736
90125266
90159533
90179215
90179497
90321158
90384130
90384470
90384916
90385167
90385310
90454538
90455464
90455728
90480549
90130868
90130901
90140556
90140988
90141589
90142154
90145413
90146037
90146411
90147595
90189058
90189452
90190234
90190962
90191820
90192302
90201083
90202643
90203397
90203999
90204723
90211314
90211578
90212262
90212997
90249197
90250128
90250636
90251069
90251409
90254144
90254483
90254919
90255327
90255737
90256134
90257243
90257689
90258352
90258862
90259090
90259628
90260354
90260799
90261398
90268308
90269231
90269772
90270551
90271231
90313500
90313642
90313850
90314022
90314517
90314789
90315051
90315435
90316215
90316477
90316644
90316855
90320048
90320850
90321325
90321469
90321720
90322529
90323242
90324518
90325135
90329282
90329854
90330623
90331105
90331644
90332338
90382953
90384808
90393948
90394585
90398035
90451386
90452526
90453477
90453961
90502795
90502997
90503336
90503720
90503886
90503992
90504539
90504884
90561161
90561479
90561853
90562338
77288870
77290091
77291110
77293017
77327031
77327848
77328699
77329987
77331148
77332477
77333399
77334000
77336209
77338212
77340025
77341010
80225929
80227545
80228402
80229175
80390885
80392347
81093338
81093618
81094468
81155400
81274932
81275857
81277531
81278439
81278664
81280071
81280729
81281387
81282286
81283386
81342340
81342960
81343664
81541236
81541875
81542560
81542940
81544274
81544647
81545559
81555852
81556775
81560540
83045972
83046048
83046849
83173924
83174757
83405167
83405443
83406740
83448345
83449337
83450036
83450141
83450673
83451052
83461727
83462896
83546079
83547165
83548100
83549621
83602295
83769291
83770367
83815403
83817735
83819588
83900628
83901147
83901497
83901720
83904800
83905261
83905919
84732027
84733538
84735160
84735658
84791545
84792335
84792914
84945328
84945944
84946138
84946805
84948065
85203158
85206327
85206947
85208188
85208982
89350607
89353245
89357107
89414801
89417895
89418408
89418747
89420946
89422109
89423254
89424220
89424652
89426036
89476956
89478468
89482644
89485311
89486284
89486988
89488518
89489807
89495138
89495643
89498129
89498653
89499752
89549532
89551915
89552333
89552765
89553450
89554115
89555381
89556352
89557902
89559718
89561030
89561333
89562545
89564401
89565997
89606679
89607462
89608577
89613013
89613702
89622317
89622889
89623529
89676549
89685462
89889759
89890496
89890937
89895103
89895485
89948205
89949589
89950174
89950958
89952376
89953213
89953620
89954027
89955264
89956932
90005823
90006505
90006950
90007433
90008649
90010717
90011277
90011872
90014802
90042498
90042870
90044221
90046187
90064893
90311174
90311699
90317527
90375978
90380054
90380437
90529317
90530870
90531576
90532817
90533445
90559744
90562380
90564138
90564441
90568723
90570298
88899623
88900550
88931740
88932546
88933507
88934187
88935231
88960599
88961113
88962714
88963429
88965264
88965886
88989069
88989529
88990044
88990857
88991511
88993303
88994372
88995310
88995460
88996330
88996980
89034148
89034867
89035490
89165836
89166323
89174437
89175445
89283536
89326835
89352194
89352571
89353019
89355020
89371529
89394488
89395625
89397488
89400164
89496454
89573387
89574604
89575795
89596430
89698050
89698601
89704010
89705354
89718896
89722298
89760265
89760393
89761112
89835584
89836250
89899177
89899538
89909310
89909613
89910079
89910380
89917735
89918214
89918728
89958713
90036657
90037556
90038536
90095107
90096350
90141232
90141993
90143126
90143767
90145005
90145642
90146246
90147888
90257333
90258868
90320188
90323230
90323953
90324544
90325324
90380356
90380839
90389754
90390869
90391425
90564404
89651152
89682845
89684115
89684901
89690873
89695469
89701438
89704588
89748884
89752478
89752711
89754824
89756696
89756942
89760434
89789671
89818988
89819828
89823694
89824793
89825097
89826106
89829150
89837064
89839804
89894405
89896210
89898000
89904175
89909781
90007416
90008257
90008616
90010379
90010608
90010959
90011007
90013773
90014174
90063752
90064003
90066221
90066629
90066796
90066871
90069555
90071132
90075446
90086711
90129759
90133508
90140292
90182973
90185058
90192690
90194368
90246787
90253778
90255627
90265424
90303157
90312996
90316043
90318900
90323339
90325246
90326133
90331529
90331840
90373020
90373976
90375321
90376837
90380466
90391047
90438603
90442398
90444498
90444833
90445536
90446951
90450308
90450673
90452311
90455079
90459095
90459181
90468588
90509322
90509512
90509594
90515917
90517282
90521189
90563295
90564637
90565181
90566988
83919662
83920356
83923071
83923540
83925110
83925636
83926052
83926389
83927085
83986752
83987645
83990254
83990746
84007914
84008504
84008927
84009323
84189789
84189959
84190673
84191272
84191850
84192781
84193196
84193976
84195715
84197048
84263008
84263520
84266812
84268223
84268469
84269141
84269813
84270092
84270479
84271043
84271247
84271823
84272404
84272525
84273053
84280896
84281932
84282158
84319886
85144270
85144578
85147794
85148415
85148863
85152838
85153332
85153776
85157826
85787417
85836603
85854498
85854797
86312883
86313545
86314822
86315315
86327472
86328000
86458755
86460491
86644384
86654854
86727268
87165716
87252344
87252972
88015954
88017454
88088018
88088537
88089127
88089903
88101440
88108815
88163040
88163691
88166269
88167296
88172088
88425754
88861475
88862078
88862607
88905108
89326882
87023629
88014932
88140263
88141230
88142076
88142253
88142568
88201918
88202447
88203413
88203890
88204598
88204781
88322760
88322783
88323540
88324139
88324468
88324999
88325278
88325502
88325974
88326355
88390120
88392496
88393416
88393716
88394731
88458919
88598205
88598584
88599243
88660245
88660958
88713320
88842987
89312362
89324232
89441887
89497457
89643910
89645059
89645633
89646270
89646889
89647134
89647792
89648110
89648622
89648686
89649314
89649823
89650227
89650685
89651077
89651384
89652132
89653311
89863268
89864036
89902858
89904456
89905382
89905976
89906392
89962029
89962399
89962991
90085175
90085880
90086590
90086969
90087600
90131009
90131383
90131909
90132655
90133484
90185336
90188022
90188331
90188898
90189088
90260746
90261447
90261876
90262445
90262994
90325829
90326747
90327091
90327301
90327793
90455270
88380064
88380286
88380926
88381644
88381861
88383272
88383887
88384118
88384255
88385068
88385678
88388353
88404714
88405757
88406431
88407030
88407619
88440581
88444067
88444108
88444884
88445111
88491124
88491806
88492195
88492710
88492725
88493999
88518483
88519280
88519336
88522632
88523885
88524616
88524872
88525347
88525961
88899099
88920551
88963423
88998534
88998739
88998854
88999062
88999414
88999960
89259966
89260676
89291802
89296889
89297075
89297560
89297658
89297785
89425670
89426152
89426391
89426988
89427647
89427986
89428560
89429626
89429740
89430054
89430226
89430468
89430696
89430895
89431406
89431699
89431825
89497639
89497830
89497897
89498168
89498429
89563694
89564054
89564410
89564816
89565190
89565459
89573166
89573256
89573910
89574165
90288036
90288521
90289153
90290179
90331579
90332033
90332460
90332815
90333129
90333489
88984159
88984618
89020558
89031113
89032945
89129008
89129546
89130258
89130731
89151872
89153693
89154138
89154337
89154729
89164409
89165208
89190150
89190917
89191482
89216025
89216487
89216896
89221357
89221705
89222044
89254566
89254962
89290930
89291291
89291336
89291951
89292228
89352377
89352885
89353059
89353291
89353613
89356371
89376357
89377227
89378182
89378737
89379127
89380082
89380573
89381975
89394058
89394518
89395316
89395776
89422104
89422544
89429819
89430244
89445135
89459010
89459141
89460277
89461618
89461875
89488659
89561382
89561747
89561916
89562580
89598400
89686322
89686573
89686990
89687161
89687421
89693135
89711223
89835023
89857069
89981097
89981674
89982145
90085477
90086065
90086468
90119058
90119440
90119565
90119908
90120219
90242608
90244133
90528776
90537582
90561671
90562278
90562541
90562720
90563001
90563408
90565291
90569868
88958515
88958916
89031143
89032245
89032857
89210788
89211184
89211328
89212004
89212503
89213131
89213777
89216163
89216626
89217314
89293296
89293660
89414972
89415878
89417385
89418464
89420202
89420554
89420749
89421185
89421851
89422655
89423553
89427147
89428459
89497933
89498421
89499674
89500419
89502352
89682166
89682376
89682808
89683504
89684005
89684581
89685034
89685654
89685981
89695875
89815570
89816156
89817103
89818795
89819344
89819394
89820346
89820929
89821252
89822017
89822874
89823466
89824143
89830575
89831346
89832143
89835573
89836833
89958209
89959192
89959754
89960870
89961621
90119086
90119239
90119461
90120806
90257896
90258720
90259230
90259561
90260532
90261407
90262815
90305362
90306077
90306948
90307330
90310981
90311700
90312175
90312561
90312952
90313425
90313808
90314008
90557054
90558646
90559061
90559625
90560031
90560558
90561173
90562320
90409114
90410489
90410700
90411182
90411745
90412664
90418605
90419031
90419532
90420051
90420631
90421525
90421783
90422065
90422836
90423331
90423940
90429349
90430119
90430417
90430776
90431202
90432306
90434033
90434897
90435244
90435700
90436781
90437513
90438098
90457621
90458106
90458545
90458611
90459233
90462617
90463332
90464101
90464673
90465244
90465606
90466084
90466695
90467301
90468530
90469053
90469723
90470488
90471479
90472005
90472468
90498133
90498637
90498901
90499605
90499931
90500386
90500613
90500718
90500910
90501515
90501931
90502290
90524535
90525016
90525135
90525761
90526466
90527517
90528539
90530310
90530940
90531413
90531639
90531923
90534111
90534349
90534589
90534680
90535188
90535329
90535594
90535917
90536668
90537286
90537617
90539042
90542733
90544674
90545286
90545561
90546377
90546776
90547683
85797947
85798275
85798595
85799041
85800454
85800667
85800948
85801299
85802097
85803363
85803702
85804106
85804411
85804871
85805247
85805570
85805761
85806433
85831780
85832072
85937717
86001319
86057446
86065711
86139952
86140237
86140590
86140947
86141426
86209218
86209902
86210045
86210669
86272044
86275555
86276142
86276673
86279385
86301363
86302312
86307245
86308403
86326648
86326990
86327705
86329103
86342429
86344112
86345640
86381817
86382323
86394151
86410412
86410837
86411471
86411809
86441588
86441940
86443503
86446072
86446599
86449007
86469119
86670655
86710012
86796033
86991525
86991865
87042808
87043363
87043591
87105040
87249755
87255480
87321555
87406236
87450460
87466139
87513527
87543732
87544312
87599964
87600329
87605161
87647915
87648923
87670182
87726904
87727236
88054287
88054746
88189484
88873202
84133062
84133673
84134224
84134925
84135866
84136392
84355643
84356202
84356271
84357385
84357676
84358316
84358963
84674634
84675095
84675901
84676559
84677176
84678361
84679074
84679924
84947649
84948333
84948364
84948377
84948968
84949638
84950205
85631943
85632622
85633734
85963524
85963912
85964872
85965506
85966014
85986614
85987433
85988098
85988724
85988814
85989511
85989711
85990412
85991298
85991971
85992655
86425390
86426041
86429719
86458765
86459338
86460231
86461256
87825103
87825552
87825838
87826146
87841081
87846916
87847810
87848422
87849355
87850156
88356846
88357114
88719146
88719655
88720111
88721018
88744037
88744434
88745170
88745659
88746387
88746678
88747599
89252902
90486898
90487586
90488724
90489130
90489534
90490162
90490557
90491131
90491861
90492841
90493670
90494591
90495014
90495957
90496513
90497039
87973169
87973800
88029835
88219945
88220671
88428830
88566590
88613588
88661913
88662795
88664291
88665740
88668468
88668921
88674495
88676310
88797539
88800862
88848543
88849841
88852009
88857876
88864890
88866676
88867317
88868294
88869168
88870165
88955236
88955393
88982500
88985415
88985779
88988628
88989209
89045679
89046317
89074783
89076147
89076723
89078621
89083972
89084269
89084571
89134959
89175054
89175105
89312644
89313210
89320194
89323942
89326731
89330198
89378021
89381528
89395760
89397768
89400451
89401110
89404485
89457139
89514008
89607304
89853092
89855975
89858551
89916723
89917079
90021588
90022059
90022691
90022988
90024142
90217968
90236533
90238235
90289585
90295433
90295914
90296364
90401804
90411640
90412272
90418047
90424703
90425782
90476599
90478464
90479092
90479619
90533038
47781982
47782694
47783978
47785736
47786979
47788345
47789077
47790189
47799198
47800947
47804220
47804838
47806701
47807933
47808980
47811437
47812361
47948641
47949709
47950478
47950654
47950945
47951414
47955060
47955623
47965624
47966393
47967603
47981426
47982689
47983652
47987171
48053341
48125718
48155834
48157014
50846918
54099101
54099814
54100180
54100534
54100844
54566134
54943406
54943865
54944569
55000162
55007574
55008251
55009607
55010520
55011685
55013151
55014310
55014980
55016109
55016879
57057505
57057711
73006179
73006706
73008624
73076868
84854931
84921607
84926590
84927501
84927670
84928438
84929095
84930841
84931566
84932070
84932853
84933472
84933995
84935273
84937408
84938167
84939361
84940477
84941179
84942249
84943374
84943959
84944850
84945209
84945539
84945821
84946380
84947167
84947515
84947915
84948533
84948584
84948980
84949377
90085253
90312373
90312678
90312926
90313846
90323985
90324638
90325101
90325709
90326094
90326747
90327070
90327955
90328442
90328805
90329612
90330174
90330526
90332175
90332751
90334312
90334947
90335497
90336572
90365746
90366119
90371951
90377369
90378128
90378918
90379394
90379904
90380102
90380892
90382334
90382509
90382973
90383423
90383989
90385265
90390505
90390791
90391603
90391657
90392886
90393449
90393877
90394569
90394832
90395345
90395757
90421159
90422455
90435467
90447794
90447986
90448670
90449635
90450575
90456139
90456360
90456690
90457238
90457820
90458399
90458693
90459079
90459333
90491032
90491231
90491561
90505189
90507131
90507297
90508247
90511500
90511810
90523871
90524220
90524974
90525731
90526565
90526975
90527553
90529268
90529742
90529996
90563798
90563923
90564043
90564209
90564683
90564870
90565335
90565686
90568572
90568820
88054688
88140385
88190591
88190761
88274260
88328542
88329296
88436428
88569084
88610304
88633921
88661066
88818302
88852376
88853263
88888050
88915624
88982792
89112582
89112847
89216229
89300545
89382898
89491703
89642600
89643214
89690179
89690636
89704010
89709126
89977569
90017465
90062124
90070731
90077623
90121178
90124787
90377003
90377271
90402164
90458727
